80bp
1514
1515
1516
1517
3630
6283
6284
9756
9757
9758
9759
9760
11933
11934
11935
11936
11940
13330
13331
13332
13333
13334
2042
222nd
236
3266
4608
4609
4610
4611
466
52kg
7823
7824
7825
7826
9070
9071
0000000005
0003
052
11155
11156
11157
11158
11159
11160
11161
11162
11163
11164
11165
11166
11167
11967
11968
12287
12288
12289
1240
1241
1242
1243
1244
12799
12816
12817
12818
12819
13003
13004
13005
13006
13069
13070
13071
13072
13073
13074
13075
13097
13098
13099
13116
13117
13118
13119
13120
13121
13122
13123
13198
13199
1320
1321
1322
1323
1324
13249
13250
13251
13252
13253
13254
13255
13256
13257
13258
13259
1326
13260
13265
13266
13267
13268
13269
1327
13270
13271
1328
13392
13393
13497
13498
13499
13500
13513
13514
13515
1374
1375
1376
1377
1398
1399
1400
1401
1402
1403
1404
1405
1406
1407
1408
1409
1410
1411
1412
1413
1414
1415
1416
1417
1418
1419
1582
1583
1584
1585
1587
1588
1658
1659
1660
1661
1831
1873
1876
1877
1879
1880
200k
2062
2063
2064
2065
2066
2264
2265
2267
22nd
2302
2303
2304
2305
2306
2wd
3092
3093
3094
3095
3096
3097
3150mah
3187
3188
3189
3190
3191
3192
3193
3194
3195
3196
3197
3198
3199
344
3832
3833
3835
3836
3837
4746
4747
4932
4941
4942
4943
4944
4945
4946
4947
4948
4949
4950
4951
4952
4953
4954
4955
4956
4957
4958
4959
4960
4961
4962
4963
4964
4982
503461
5080
5081
5082
5083
5099
5100
5101
5102
5103
567
571
5746
5747
5748
6152
6153
6154
6155
616551
631451
6356
6357
6358
6359
6360
6401
6402
6403
6404
6405
6406
6407
6408
6409
770
7725
7726
7727
7728
7729
7732
7733
7734
7735
7736
8071
8072
8105
870mb
8810
8811
8812
8813
8814
8815
8896
9347
942
9492
9493
9494
9495
9611
9641
9642
9643
9644
9645
9646
9647
9648
9649
9650
9817
9818
9819
982
9820
985
a2
a2003
a2005
a3003
a400m
aaa
002
022
053
056
0mp
0x6
10395
10440
10441
10442
10443
10444
10445
10446
10447
10450
10511
10512
10513
10514
10515
10539
10595
10596
10597
10598
10599
10669
10670
10671
10672
10673
10674
10675
10731
10923
110g
11516
11517
11906
11910
11911
11943
11944
11billion
12000
12002
12003
12004
12005
12014
12015
12016
12017
12018
12027
12028
12101
12102
12103
12104
12105
12106
12141
12142
12143
12144
12145
12146
12147
12397
12398
12519
12520
12521
12522
12523
12524
12547
12548
12549
12550
12551
12552
12553
12585
12586
12587
12595
125mah
1261
1262
12776
12789
12846
12847
1285
1286
12875
12876
12877
12878
12879
12880
12881
12894
12895
12896
12897
12898
12899
12900
12901
12902
12946
12947
12948
12949
12950
12951
12952
12953
12954
12955
12956
12957
12958
12959
12960
12961
12962
12963
12964
12983
129th
129x66
130bhp
1311
1312
1313
13138
13139
1314
13140
1315
13150
1317
1318
13303
13311
13312
13313
13314
13315
13316
13317
13318
13319
13320
13321
13322
13323
13324
13325
13326
13327
13328
133g
13410
13411
13412
13413
13431
13432
13433
13434
13435
13452
13453
13454
13465
13466
13467
13468
13469
13470
13471
13518
13519
13520
13521
13522
13523
13524
13569
13570
13571
13572
13573
13574
13575
13612
13613
1384
1386
1387
1388
13gb
144g
145grams
1468
1469
1470
1471
1472
1473
1493cc
149g
15000
150mw
1599
1601
1602
1603
1604
164g
1677
1678
1679
1680
1681
1682
1683
1685
1686
1687
1688
1689
1690
1692
1694
1695
1698
16mm
1700
1701
1702
1703
1721
1722
1723
1724
1725
1726
1727
1728
1736
1754
1755
1756
1757
1758
1759
1760
1761
1762
1763
1764
1765
1766
1767
18001034139
1800mhz
1853
185g
1874
1875
19057
1931
197bhp
197mb
1985
1g
1half
1m
1million
1stgen
1trillion
1tv
2000s
2048x1536
206
20999
20km
20mb
2100
211
2169
217
21719
2174
2175
2176
2177
2178
218ppi
221
2223
2224
2225
2226
2227
2228
2229
2230
2231
2238
2239
2250rpm
2281
2282
2283
2300mhz
2301
230mah
2310
2311
2326
2327
2328
2329
2330
23686
2375
2376
2377
2378
2379
2380
2381
2382
2383
2400
240mb
2423
2431
2432
2433
2434
2435
2436
2437
2445
2446
2447
2448
2449
2450
2451
2452
2454
2455
2456
2457
2458
2459
245ppi
2460
2461
2462
2463
2464
2465
2466
2495
24firstlook
24themovie
250bn
2550
258
2582
2583
2584
2585
2586
2587
2588
2589
2644
2646
271mb
2764
2765
2766
2767
2768
2769
2770
2771
280x720
280x720p
2882
2883
2884
2913
2914
2915
2922
2923
2924
2925
2926
2927
2draw
2in
2x68
2x77
300mbps
3022
3024
3025
3026
3027
30am
3121
3122
3123
3124
3125
3126
3127
3129
3131
3132
3133
316
3183
3184
3185
319
3222
3223
3224
3225
3226
3227
3251
3252
3253
3254
3255
3256
3264
3327
3332
3333
3334
3335
3336
3337
3338
3339
3340
3341
3342
3345
3346
3347
3348
3349
3350
3351
3405
3406
3407
3408
3409
3410
3411
3412
3443
3490
350bn
3519
3520
3521
3522
3581
3582
358282
3583
3584
3640
3641
3642
3643
3678
3682
3695
3697
3709
3710
3711
3712
3714
3715
3750rpm
3757
3803
3804
3805
397
3days
3x10mm
3x6
3x69
400bn
400mp2
4021
4022
4023
4024
4025
4026
4027
4028
4029
4030
4031
4032
4033
4034
4035
4050mah
4081
40pm
4104
410mah
4208x3120
424
4244
4245
4246
4247
4248
4249
4250
4251
4252
4271
4272
4273
4274
4275
4276
42fps
433
4447
44509
4584
4601
4651
4652
4663
4664
4665
4666
4676
4677
4678
4679
469
4702
4703
4704
4705
4706
4707
471
477
4789
4790
4791
4792
4793
4794
4795
4796
4797
4798
4799
4800
4801
4802
4803
4804
4805
4806
4807
4808
48273
4835
4836
4837
4838
4839
4840
4841
4842
4843
4845
4846
4847
4848
4849
4850
4888
4889
4890
4919
4920
4921
4922
4923
4924
4925
4935
4936
4966
4967
497mb
498
4wd
5041
5042
5043
5044
50gb
5145
5146
5147
5212
5213
5238
5239
5240
5241
5242
5282
5283
5284
5307
5308
5323
5324
5325
5326
5327
5328
5332
5333
5411
5412
5413
5471
5472
5473
5474
5475
5476
5477
5478
5479
5480
54ec
5539
5540
5541
5542
5543
5544
5545
5546
5547
5548
5549
55kg
5636
5637
5647
5648
565mb
5672
5673
5674
5675
5676
5677
5678
5679
5680
5699
5717
576
5761
5762
5763
5764
5765
5766
5767
5768
5772
5773
5774
577ppi
5785
5786
5787
5788
5789
5800
5801
5802
5803
5804
5805
5806
5846
5847
5848
5849
5850
5851
596
5a
5b
5fps
5x8
607392
60km
6120
6121
6122
6123
6157
6158
6159
6160
6161
6162
6163
6167
6168
6169
6170
6175
6176
6192
6193
6194
6195
6196
6198
6199
6200
6201
6202
6203
6204
6205
6220
6221
6222
6223
6224
6299
6300
6301
6302
6307
631690
636294
638354
6388
6389
639
6390
640xl
641705
6447
6448
644825
6449
6450
6451
6452
6453
6535
653528
6536
6537
6538
6539
6540
6541
6542
6543
6544
659405
6599
6600
6607
6608
6609
6610
662250
6645
6659
6660
6661
6662
6663
6664
6665
6666
6667
6668
667204
6677
6678
6682
6683
6684
6685
6686
669
6692
6693
6694
6695
6696
6697
6698
6699
66mm
6700
6701
670493
6709
6710
6711
6712
6713
671421
672972
673165
675041
677611
679
679935
6855
6856
6864
6865
6866
6867
6868
6869
688674
6902
6903
6904
6905
6906
690750
6928
6929
6930
6931
6932
6933
6934
6935
6936
6937
6938
6939
6940
6941
6942
6943
6944
6945
6959
6960
6961
6962
6969
6970
6971
6972
6973
6974
6975
6976
6977
6978
6980
6981
6982
6983
6984
6994
6995
6996
6997
6998
6999
6c
6pm
6x8
7056
7057
7058
7059
7060
7126
7127
7128
7129
7137
7167
7168
7169
7170
7171
7172
7173
7174
7182
7183
7184
7191
7192
7193
7194
7234
7235
7261
72nd
734
746
75gb
7655
7656
7657
7658
7660
7661
7662
7663
768
769
7776
7777
7778
7779
7780
7781
7782
7784
7785
7786
7787
7801
7802
7803
7804
7808
7809
7810
7811
7812
7813
788
7882
7883
7885
7886
7887
7888
7981
7mm
7rcr
8002
8004
800x480p
8089
8090
8092
8093
8096
8097
8098
8099
80c
8100
8108
8118
8119
8120
8121
8122
8279
8280
8352
8353
8354
8355
8356
8370
8371
8372
8373
8374
8375
8378
8379
8380
8412
8420
8433
8434
8435
8436
8437
8438
8439
8440
8441
8450
8451
8452
8453
8454
8455
8456
8457
8458
8459
8460
8461
8462
8463
8464
8465
8466
8467
8468
8469
8470
8471
8472
8473
8474
8475
8476
8477
8478
8479
8480
8481
8488
8489
8490
8535
8536
8537
8538
8539
854x540
8608
8609
8610
8611
8612
8613
8614
8615
8616
8617
8659
8718
8719
8783
8784
8785
8786
8787
8860
8861
8885
8886
8887
8888
8911
8912
897
898
8994
8gbrom
8x6
8x74
903
9050
9051
9052
9245
9277
9278
9279
9280
9281
9282
9284
9285
9286
9287
9288
9321
9322
9323
9324
9325
9326
9330
9331
9335
9375
9376
9377
9378
9379
9380
9381
9382
9542
9543
9544
9545
9584
9586
9587
9588
9589
9600
9721
9839
9840
9841
9842
9843
9844
9845
9846
9847
9886
9887
9904
9905
9906
9907
9908
9909
9910
9938
9mp
9to5google
9to5mac
9v
9w
9w260
9x66
9x8
9xe
__
_alexndr
_decimation
a1
a10
a13mp
a15
a2001
a3
a3000
a319
a320
a320neo
a320s
a321
a5
a5000
a500fu
a510f
a53
a57
a6
a6000
a7
a7000
a72
a8
a800f
a9
a9000
a9000zcu1bpe2
a9100
a96
aa
003
005
006
007
008
009
01
010
0100
011
012
013
014
015
016
017
018
019
01h
02
020
020mah
021
023
024
027
028
029
02h
02pm
03
030
031
032
033
035
037
037k
038
039
03h
04
040
042
0430
044
045
047
048
048x1
049
05
050
050mah
055
05mm
06
060
060mah
061
062
063
066
068
069
07
070
070mah
072
073
074
076
078
079
07mm
08
080
080mah
080p
080x1
083
084
085
087
088
089
09
090
091
095
097
098
099
0a
0ghz
10
100
1000mah
1001
1002
1003
1004
10049
10050
10051
10052
10053
1006
100cr
100gb
100hz
100km
100m
100mah
100mahbattery
100mb
100mn
100mp
100th
101
1011
1012
1013
1014
10181
10182
10183
10184
10185
10186
10194
10195
102
1020p
1020x1080p
10249
10250
10251
10255
10256
10272
10273
10274
10275
10276
10277
10295
10296
10297
103
10350
10351
10352
10379
10380
10381
104
10496
10497
104th
105
10518
10519
10588
10592
10593
106
107
10727
10728
10729
10750
10751
10752
10753
10794
10795
10796
10797
10798
10799
108
10801
10805
10806
10807
10808
10809
1080p
1080x1920p
10810
10811
10812
10813
10814
10815
10816
10817
10818
10819
10820
10821
10875
10876
10877
10878
109
10903
10917
10925
10926
10927
10990
10991
10992
10993
10994
10995
10996
10998
10999
109bhp
10am
10fps
10g
10gb
10gm
10k
10m
10mp
10pm
10s
10th
10x
11
110
11013
11014
11015
11052
11053
11054
11055
11056
111
11131
11132
11174
11175
11176
112
1121
1122
1123
1124
1125
1126
11287
11288
11289
11290
11291
11292
11295
11298
11299
113
11300
11318
1132
1133
1134
1135
1136
1137
1138
114
11401
11402
11403
11404
11405
11406
11407
11411
11412
11413
11477
11478
11479
11480
115
11526
11527
11528
11529
11530
11531
11532
11533
11534
11535
11536
115nm
116
11602
11603
11604
11668
11669
11671
11672
11673
11674
11675
11676
11677
11680
11681
116nm
116th
117
1172
11722
11724
1173
1174
11744
11745
11746
11747
11748
1175
11754
11755
11756
11757
11758
11759
1176
11760
11761
11762
11763
11764
11765
11766
11767
11768
11769
1177
11770
11771
11772
11773
11774
11775
11776
11777
11778
11779
11780
11781
11783
11784
11786
11787
11788
11789
1179
11790
11791
117x112x35mm
118
1180
11801
11802
11803
11804
11805
11806
11809
1181
11813
11814
11815
11816
11817
11818
11819
11820
11821
11822
11823
1183
11838
11847
11848
11849
1185
11850
11855
11856
11857
11858
11859
1186
11860
11861
11862
11863
11864
11865
11866
11867
11868
11869
1187
11870
11871
11872
11873
11874
11875
11876
11877
11878
11879
1188
11882
11885
1189
11892
11893
11894
11895
119
1190
11900
11901
11902
11903
11904
1191
11913
11914
11918
11919
1192
11920
11922
11923
11924
11925
11926
11927
11928
1194
11948
11949
1195
11950
11951
11954
11955
11956
11959
1196
11960
11961
1197
11971
11972
11973
11974
11975
11976
11978
1198
11980
11981
11982
11983
1199
11a
11am
11b
11s
11th
11thepisode
12
120
1200
12008
12009
1200mah
1201
12010
12011
12012
1202
1203
12031
12032
12033
12034
12036
12037
12038
12039
1204
12040
12041
12042
12043
12044
12045
12046
12047
12048
12049
1205
12050
12051
12052
12053
12054
12057
1206
12064
12065
12074
12075
12076
12077
1208
12084
12085
12086
12087
1209
12097
120fps
120mah
121
1210
1211
12119
1212
12120
12121
12123
12124
12128
12129
1213
12130
12131
12132
12133
12134
1214
1215
1216
12161
12162
12163
12164
1217
12179
1218
12180
12181
1219
12191
12192
12198
12199
121bhp
122
12200
12201
12203
12204
12205
1221
1222
12220
12221
12222
12223
12224
12229
1223
12230
12231
12234
1224
12244
12245
12255
12256
12258
1226
12261
12262
12263
12264
12265
12266
12267
12268
12269
1227
12270
12271
12272
12273
12274
12275
12276
12277
12278
12279
1228
12280
12281
12285
1229
12291
12295
12296
12297
12298
12299
122nd
123
1230
12300
12301
12302
12303
12304
12305
12306
12307
12308
12309
12310
12311
12312
12313
12314
12315
12316
12317
12318
12319
12320
12321
12323
12324
12325
12326
12327
12328
12329
1233
12330
12331
12335
12336
12337
12338
12339
12340
12341
12342
12343
12344
12345
12346
12349
1235
12350
12351
12352
1236
12360
12361
12362
12364
12365
12366
12367
12368
1237
12370
12371
12372
12373
12374
1238
12381
12382
12383
12384
12385
12386
12387
12394
123telugu
124
12407
12408
12409
12412
12413
12414
12415
12416
12422
12423
12424
12425
12426
12427
12428
12429
12431
12432
12433
12434
12435
12436
12437
12438
12439
12440
1246
12466
12467
1247
12471
12489
1249
12490
12491
12492
12493
12499
124a
125
12500
12501
12502
12504
12505
12508
12509
1251
12510
12515
12516
12517
1252
1253
1254
12543
12544
1255
12556
12557
12558
12559
1256
12560
12561
12562
12563
12564
12565
12566
12567
1257
12572
12581
12582
12583
12589
1259
12593
12597
12598
12599
125bp
125bps
125kg
125nm
125th
126
12600
12602
12603
12604
12605
12606
12607
12608
12609
12613
12614
12615
12616
12620
12626
12627
12640
12641
12650
12651
12652
12653
12654
12655
12656
12657
12658
1266
12662
12663
1267
12670
12671
12673
12674
12677
12678
12679
12680
12681
12682
12683
12684
12685
12695
12698
12699
126bhp
127
1270
12700
12701
12702
12703
12704
1271
12717
12718
12719
1272
12720
12721
12722
12723
12724
12725
12726
12727
12728
12729
1273
12730
1274
12745
1275
12751
12752
12753
12756
12757
12758
12759
1276
12760
12761
12769
1277
12770
12773
12774
1278
1279
12794
12795
12796
12797
128
1280
1280x720
1280x720p
1280x768
12824
12825
12826
12827
12828
12829
1283
12830
12831
12832
12833
12834
12835
12836
12837
12841
12843
12855
12856
12857
12858
12862
12863
12864
1288
12885
12886
12887
12888
12889
12890
128g
128gb
129
12905
12906
12907
12908
12909
1291
12910
12911
12912
12916
12917
12918
1292
12921
12922
12923
12928
12929
1293
12930
12931
12936
12937
12938
12939
1294
12942
12943
1295
1296
12970
12971
12972
12973
12974
12975
12976
12977
12979
1298
12980
1299
12993
12995
12996
12997
12g
12gb
12kg
12mm
12mp
12pm
12th
12x
13
130
1300
13000
1301
1302
13025
13026
13027
1303
1304
13046
13047
13048
13049
1305
13052
13053
13054
13055
13056
13057
1306
13061
13062
13063
13064
13065
13066
13067
1307
13079
13080
13081
13082
13083
13085
13086
13087
1309
13093
13094
13095
130g
130j
130th
131
13105
13106
13107
13108
13109
13110
13114
13125
13126
13127
13128
13129
13130
13131
13132
13142
13143
13144
13145
13146
13155
13158
13159
13160
13175
13176
13177
13178
13180
13181
13182
13183
13184
13185
13189
13190
13191
13193
132
13208
13209
13210
13211
13212
13213
13214
13215
13216
13217
13218
13219
13220
13221
13222
13223
13224
13225
13226
13229
13230
13231
13237
13238
13239
13240
13243
13244
13245
13246
13247
1325
13263
13274
13275
13276
13277
13278
13280
13281
13282
13283
13284
13285
13286
13288
13289
13290
13291
13292
13293
13294
13295
13296
13297
13298
13299
132g
133
1330
13300
13301
13305
13306
13307
13308
13309
1331
1332
13336
13337
13338
13339
1334
13340
13342
13343
13344
13347
13348
13349
1335
13350
13351
13352
13353
13354
13358
13359
1336
13360
13361
13362
13363
13364
13365
13366
13367
13368
13369
1337
13370
13371
13372
13373
13374
13375
13376
13377
13378
13379
1337x
13380
13381
13382
13383
13384
13385
13386
13388
13389
134
1341
13415
13416
13417
13418
1342
1343
1344
1345
1346
1347
13476
13477
13478
1348
13483
13484
13485
13486
13487
13488
13489
13490
13491
13492
134x67
135
1350
1351
13510
1352
1353
13530
13531
13532
13533
13534
13535
13536
13537
1354
13544
13545
13548
13549
1355
13550
13551
13552
13553
13554
13555
1356
13563
13564
13565
1357
13577
13578
13579
13584
13585
13590
13591
13592
13593
13595
13596
13597
13598
13599
136
1360
13604
13605
13606
13607
1361
1362
13625
1363
1364
1365
1366
1366x768
1367
1368
136x76mm
137
1372
138
1380
1381
1382
1383
139
1390
1391
1392
1393
1394
1395
1396
13bhp
13mp
13th
14
140
1400mah
140g
140grams
140nm
140x67x12
141
141x70x8
142
1421
1422
1423
1424
1425
1426
1427
1429
142nd
143
1432
1433
1434
1435
1436
1437
1438
1439
144
1440
1440p
1440x2560
1441
1442
1443
1444
1445
1446
1447
1448
1449
144x69x8
145
1450
1452
1453
1454
1455
1456
1459
145g
146
1460
1461
1462
1463
1464
1466
147
1475
1477
1478
1479
147g
148
1480
1481
1482
1483
1484
1485
1486
1487
1489
148bhp
149
1490
1491
1492
1493
1494
1495
1497
1498
1499
14augustblackday
14ghz
14nm
14th
15
150
1500
1500m
1501
1502
1503
1504
1506
1507
1508
1509
150mah
150mbps
150th
151
1511
1512
1519
151nm
152
1520
1521
1522
1523
1524
1525
1526
1527
1528
1529
152x77
153
1530
1532
1533
1534
1535
1536
1538
1539
153a
154
1540
1541
1542
1543
1544
1545
1548
154x79x8
155
1550
1552
1553
1555
1556
1558
155bhp
155g
156
1560
1561
1562
1563
1564
1565
1566
1567
1568
1569
157
1570
1571
1572
1573
1575
1576
1577
1578
1579
158
1580
1586
158bhp
158g
158x77
159
1590
1591
1592
1593
1594
1595
1596
1597
15april2016
15g
15ghz
15mm
15mp
15th
16
160
1600
1600x2560p
1607
1608
160g
161
1611
1612
1613
1615
1616
1617
1618
1619
162
1620
1621
1622
1623
1624
1625
1626
1627
1628
1629
162g
162km
163
1630
1631
1632
1633
1634
1636
1637
1638
1639
164
1640
1641
1642
1643
1644
1646
1647
1648
1649
165
1650
1651
1652
1653
1654
1655
1656
165g
166
1663
1664
1665
1666
1667
1668
1669
167
1670
1671
1672
1673
1674
1675
167g
168
1684
168g
169
1691
1693
1699
16gb
16mp
16s
16th
17
170
1706
1707
1708
1709
170g
171
1710
1711
1712
1713
1714
1716
1717
1718
1719
172
173
1730
1731
1732
1733
1734
1738
174
1742
1743
1745
1746
1747
1748
1749
175
1750
1750mah
1751
1752
175g
176
1769
176g
177
1770
1771
1772
1773
1774
17748
1775
1778
1779
178
1780
1781
1782
1783
1784
1785
1786
1787
1788
1789
179
1790
1791
1792
1793
1794
1795
1796
1797
1798
1799
17g
17s
17th
17v
17v5
18
180
1800
1800s
1803
1804
1806
1807
1808
1809
181
1810
1811
1812
1813
1814
1815
1817
1819
182
1820
1821
1822
1823
1824
1825
1826
1827
1828
1829
183
1830
1832
1833
1834
1835
1836
1837
1838
1839
183g
184
1841
1842
1843
1844
1845
1846
1848
1849
185
1850
1852
1855
1857
1858
1859
186
1860
1861
1862
1863
1867
1868
1869
187
1870
1871
1878
188
1882
1885
1886
1887
1888
1889
189
1890
1891
1892
18944
1896
1897
1898
1899
18mb
18pm
18rs
18th
18yrs
19
190
1900
1901
1903
1904
1905
1906
1907
1909
190mah
190nm
191
1910
1911
1912
1914
1915
19159
1916
1917
1918
19195
192
1920
1920x1080
1920x1080p
1921
1923
1924
1925
1926
1927
1928
1929
193
1930
1930s
1932
1934
1935
1936
1937
1938
194
1940
1940mah
1941
1943
1944
1945
1946
1947
1948
1949
195
1950
1950s
1951
1952
1953
1954
1955
1956
1957
1958
1959
1960
1960s
1961
1962
1963
1964
1965
1966
1967
1968
1969
196ppi
197
1970
1970s
1971
1972
1973
1974
19749
1975
1976
1977
1978
1979
197nm
198
1980
1980s
1981
1982
1983
19830
1984
1986
1987
1988
1989
199
1990
1990s
1991
1992
1993
1994
1995
1996
1997
1998
1999
199g
19bhp
19s
19th
1_r4
1a
1as
1bhp
1drone
1gb
1ghz
1mb
1mg
1mm
1mp
1pm
1q
1q16
1s
1st
1tb
1with
1x
1x153
1x69
1xcdma
20
200
2000
2000mah
2001
20018
2002
2003
2004
2005
2006
2007
2008
2009
200gb
200m
200mah
200mb
201
2010
2011
2012
2013
2014
2015
2015aw
2016
2016060
2016ss
2017
2018
2019
201st
202
2020
2021
2022
2023
2024
2025
2026
2028
2029
203
2030
2031
2032
2033
2035
2036
2037
20376
2038
20392
203g
204
2040
2041
2043
2046
2047
2048
2049
205
2050
20500
2051
2052
2053
2054
2055
2056
2058
2059
2061
2069
207
2070
2072
2073
20736
2074
2075
2076
2077
2078
2079
208
2080
20807
2081
2082
2083
2085
2086
2087
2088
209
2090
2091
2092
2093
20932
2094
2095
2096
2097
20bps
20kg
20kmpl
20mp
20nm
20s
20th
20w
21
210
2103
2104
2105
2106
2107
2108
2109
210h
2111
2112
2113
2114
2115
2116
212
2120
2121
2122
2123
2124
2125
21261
2128
213
2131
2132
2133
2134
2136
2137
2138
214
2140
2141
2142
2143
2144
2145
215
2150
2152
2153
2154
2155
2156
2157
2159
215g
216
2160
2161
2164
2166
2167
2170
2172
218
2180
2181
2182
2183
2184
2189
219
2190
2191
2192
2193
2194
2195
2197
2198
2199
21f
21gb
21m
21mp
21pm
21s
21st
21stcentury
22
220
2200
2200mah
2201
2202
2203
2204
2205
2206
2207
2209
220cc
220g
220mah
220nm
220p
220ppi
2211
2213
2214
2215
2216
2217
2218
2219
222
22200335
223
2230mah
2234
2235
2236
224
2242
2243
2244
2245
2246
2247
2248
225
2250
2251
2252
2254
2256
22563100
2257
2258
2259
226
2260
2261
2266
2268
2269
226t
227
2270
2273
2274
2275
2276
2277
2278
228
2285
2287
2288
229
2290
2291
2292
2293
2294
2296
2299
22h
22mm
23
230
2300
2300mah
230nm
231
2313
2314
2315
2316
2317
2318
2319
231st
232
2320
2321
2322
2323
2324
233
2333
2334
2335
2337
2338
2339
234
2340
2341
2342
2343
2344
2345
2346
2347
2349
235
2350
2351
2352
2353
2354
2355
2356
2357
2359
235mb
2360
2361
2362
2363
2364
2367
2368
2369
237
2370
2371
2372
2373
238
2385
2386
2387
2388
2389
239
2390
2391
2393
2394
2395
2396
2398
2399
23mp
23rd
24
240
2401
2402
2404
2405
2406
2407
2408
2409
240nm
241
2410
2411
2412
2414
2416
2417
2418
2419
242
2420
2421
2425
2426
2427
2428
2429
243
2430448
2439
244
2440
2441
2442
2443
245
246
2468
247
2470
2470mah
2471
2472
2473
2474
2475
2476
2477
2479
248
2480
2481
2482
2485
2487
2489
249
2490
2491
2492
2493
2498
2499
24carat
24ghz
24mm
24mp
24pm
24s
24th
24w
24x7
25
250
2500
25000
2500mah
2501
2502
2503
2504
2505
2506
2509
250cr
250gb
250km
250mb
250nm
251
2510
2511
2512
2514
2515
2516
2517
2518
2519
252
2520mah
2521
2522
2523
2525
2526
2527
2528
2529
253
2530
2531
2532
2533
2534
2535
2537
2538
2539
254
2540
2542
2543
2545
2546
2547
2548
2549
254mb
255
2551
2552
2554
2555
2556
2558
2559
256
2560
2560mah
2560x1440
2560x1440p
2561
2562
2564
2565
2566
2567
2569
256gb
256mb
257
2570
2571
2572
2574
2576
2577
2578
2579
259
2591
2592
2593
2594
2595
2596
2597
2598
2599
259nm
25bp
25bps
25kmpl
25m
25mb
25min
25pm
25th
26
260
2600
2600x1440p
2601
2602
2604
2605
2606
2607
2608
2609
261
2610
2616
2617
2618
2619
262
2621
2622
2623
2624
2626
2629
263
2631
2632
2633
2634
2635
2636
2638
2639
264
2640
2641
2645
264h
265
2650
2651
2652
2653
2654
2655
2656
2658
2659
266
2662
2663
2664
2665
2666
2667
267
2670
2671
2672
2673
2674
2675
2676
2677
2678
2679
267ppi
268
2680
2680mah
2681
2682
2683
2684
2685
2686
2689
269
2690
2691
2692
2693
2694
2695
2696
2698
2699
269g
26g
26mm
26th
27
270
2700
2700mah
2701
2703
2704
2705
2706
2707
2708
2709
270mb
271
2710
2711
2712
2713
2714
2715
272
2720
2722
2723
2724
2725
2729
273
2730
2731
2732
2733
2734
2735
2736
2736x1824p
2737
2738
2739
274
2740
2741
2743
2744
2745
2746
2747
2748
2749
275
2750
2750mah
2752
2753
2754
2755
2756
2757
2758
276
2761
2762
276mb
277
2776
2777
2778
2779
277mb
278
2780
2781
2783
2784
2785
2786
2787
2788
279
2790
2791
2793
2794
2795
2796
2797
2798
2799
27at
27cr
27mm
27s
27th
28
280
2800
2800mah
2802
2803
2804
2805
2806
2807
2808
280mb
280px720p
281
2810
2811
2812
2813
2814
2815
2817
2818
2819
281ppi
282
2820
2821
2822
2823
2824
2825
2826
2827
282mb
283
2830
28301
2831
2832
2833
2834
2835
2836
2837
2838
284
2841
2842
2843
2844
2845
2848
2849
284mb
285
2850
2850mah
2851
2853
2855
2856
2857
2858
2859
286
2860
2861
2862
2864
2865
2866
2868
286mb
287
2870
2871
2872
2873
288
2886
2887
2888
2889
289
2890
2893
2894
2895
2896
2897
2899
28mm
28th
29
290
2900
2902
2903
2904
2905
2906
2907
290g
290mb
291
2910
2911
2917
2918
2919
292
2920
2929
293
2930
2931
2932
2933
2934
2935
2936
2938
2939
294
2940
2941
2942
2943
2944
2945
2946
2947
2949
294ppi
295
2951
2952
2953
2954
2955
2956
2957
2958
2959
295mb
296
2961
2962
2963
2964
2966
2967
2968
2969
297
2970
2971
2972
2973
2974
2975
2976
2977
2978
2979
298
2980
2981
2983
2984
2985
2986
2987
2988
298a
298b
299
2990
2991
2992
2993
2994
2995
2996
2997
2998
2999
29gb
29s
29th
2a
2d
2g
2gb
2gbram
2ghz
2k
2litre
2md
2mm
2mp
2mr
2nd
2pm
2s
2tb
2x10
2x7
2x8
2x9
30
300
3000
3000m
3000mah
3002
3003
3004
3005
3006
3007
3008
3009
300er
300mah
300mb
301
3010
3011
3012
3013
3014
3015
3016
3017
3018
3019
302
3020
3023
3029
303
3030
3031
3032
3033
3034
3035
3036
3037
3038
3039
304
3041
3044
3046
3047
3048
3049
304a
305
3050
3051
3054
3055
3056
3057
3058
3059
306
3060
3061
3062
3063
3066
3067
3068
3069
307
3070
3074
3075
3076
3077
3078
3079
308
3082
3083
3084
3085
3086
3087
3089
309
3099
30fps
30mki
30mkis
30pm
30s
30sm
30th
31
310
3100
3100mah
3101
3102
3104
3105
3106
3107
3108
3109
311
3110
3111
3112
3114
3115
3116
3117
3118
312
3120
312ppi
313
3135
3136
3137
314
3140
3141
3142
3143
3144
3145
3147
3148
3149
315
3150
3154
31578
3158
3159
3160
3161
3162
3163
3164
3165
3166
3168
3169
316mb
317
3170
3173
3174
3175
3177
3178
3179
318
3180
3181
31st
32
320
3200
3200mah
3202
3203
3204
3205
3207
3208
3209
320gb
320mah
320nm
320x290p
321
3210
3211
3212
3213
32138
3214
3216
3217
3218
3219
322
3220
323
3230
3231
3233
3234
3235
3236
3237
3238
324
3240
3241
3242
3243
3245
3246
3247
324ppi
325
3258
3259
326
3260
3261
3262
3263
3268
326mb
327
3272
3273
3274
3275
3276
328
3282
3283
3284
3286
3287
3289
329
3290
3292
3293
3294
3295
3296
3297
3298
32gb
32nd
32pm
32s
33
330
3300
3300mah
3301
3305
3306
3307
3308
3309
331
3310
3311
3313
33131
3314
3315
3316
3317
3318
3319
332
3324
3329
333
3330
334
335
3359
336
3360
3361
3362
3363
3364
3366
3367
3369
337
3371
3372
3373
3375
3376
3377
3378
3379
338
3380
3385
3386
3387
3388
3389
339
3390
3394
3395
3396
3397
3398
3399
33pm
33th
34
340
3400
3401
3402
341
3414
3418
3419
342
3420
3422
3423
3424
3425
3426
3427
3428
3429
343
3431
3432
3433
3434
3437
3438
3439
3440
3445
3446
3447
3448
3449
345
3450
3450mah
3451
3453
3456
3457
3458
3459
346
3461
3462
3463
3464
3465
3466
347
3470
3471
3472
3473
3474
3475
3479
348
3481
3482
3483
3484
3485
3486
3487
3488
349
3492
3493
3494
3495
3496
3497
3498
3499
35
350
3500
3500mah
3502
3505
3507
3508
351
3510
3512
3513
3514
3515
3517
352
3524
3525
3526
3529
353
3530
3531
3533
3534
3535
3536
3537
3538
3539
354
3541
3542
3543
3544
3545
3547
3549
354mb
355
3553
3554
3555
3556
3557
3558
3559
355ppi
356
3561
3562
3563
3565
3568
3569
357
3570
3571
3572
3574
3576
3577
3578
3579
358
3586
3587
3588
359
3590
3591
3593
3594
3596
3597
3598
3599
359ppi
35a
35m
35mm
35th
36
360
3600
36000
3601
3603
3604
3605
3606
3607
3609
361
3611
3612
3615
3616
3617
3618
362
3622
3623
3624
3625
3626
363
3634
3636
3637
3638
364
3649
365
3650
3651
3657
366
3666
367
367mb
368
3683
3684
3685
3686
3687
3688
3689
369
3690
3691
3692
3693
3694
3696
36gb
36th
37
370
3703
371
3713
3717
3718
3719
372
3720
3721
3722
3723
3724
3725
3726
3727
3728
3729
373
3730
3731
3733
3734
3735
3736
3737
3738
3741
3742
3743
3744
3745
3746
3747
3748
375
376
376d
377
3772
3773
3774
3775
3776
3777
3778
378
379
3791
37pm
37th
38
380
3808
381
382
3821
383
3834
384
385
386
3868
3869
387
3870
3871
3872
3873
3878
3879
388
3880
3889
3890
3891
3892
3893
3894
3895
3896
3897
3898
3899
39
390
3900
3909
390mah
391
3910
3911
3912
3913
3914
3915
392
393
394
3945
395
396
3960
3961
3962
3963
3964
3965
3966
3967
3972
3973
3974
3975
398
399
3990
3996
3997
3998
3999
39kmpl
39th
3c
3d
3dmark
3ds
3g
3gb
3ghz
3k
3kzhushou
3mm
3mp
3pis7ovwy
3pm
3q15
3rd
3s
3st
3x
3x71
3x77
40
400
4000
4000mah
4001
4002
4003
4004
4005
4006
400km
400m
400rpm
400x400
401
4015
4017
4018
401ppi
402
403
403ppi
404
405
406
407
408
4083
4084
4085
4086
4087
4088
4089
409
4090
4091
4092
4093
4094
4095
4097
4098
4099
40am
40nm
40th
41
410
4100mah
4105
4106
4107
4108
4109
411
4110
4119
412
413
4130
4131
4132
4133
4134
4135
4136
4137
4139
414
4140
4141
4142
4143
4144
4145
4146
4147
4148
4149
415
4150
4154
4155
4156
416
4165
417
4171
4178
418
419
41am
41st
42
420
4202
4203
4204
4205
4206
4207
4208
4209
420mah
421
4210
4211
4213
4214
4215
4216
4217
4218
4219
422
4227
423
4231
4232
4234
4235
423ppi
424ppi
425
4250mah
4254
4255
4256
4257
42573
4258
426
4261
427
42710
428
429
42b
42c
42mm
42nd
43
430
4304
430km
430mah
431
432
4321
4322
4323
4324
4325
4327
4329
4330
4333
4336
434
4344
435
4356
4357
436
4364
4365
4366
437
438
439
4390
4391
4392
4393
4394
4395
43rd
44
440
4400
440p
440ppi
440x2
441
4417
441ppi
442
4421
443
444
4443
445
4456
4457
4458
4459
446
4462
4463
4464
4465
4469
447
4470
4471
4472
4473
4475
4476
4477
4478
4479
448
4480
449
44th
45
450
450mah
450mbps
450mp
451
4515
4516
4517
4518
4519
452
4520
4521
4522
4523
4524
4525
4526
4527
4528
4529
453
4530
4531
4532
4533
4534
4535
4536
4537
4538
4539
454
4540
4541
4542
4543
4544
4545
4546
4547
4548
4549
455
4550
4551
4552
4553
456
4562
4563
4564
4565
4566
4567
45674567
457
4573
4574
4576
4577
4578
4579
458
4580
459
4590
4591
4592
4593
45mins
45mm
45pm
45s
45th
45x9
46
460
4607
461
461cc
462
4620
4621
4626
4627
4639
464
4640
4641
4642
4649
465
4658
4659
4660
4661
4669
467
4670
4671
4673
468
4680mah
4687
4688
4694
4695
4697
4698
46mm
46pm
46th
47
470
4700
4709
470mah
4710
4711
4714
4715
4717
472
4726
4727
473
4734
4735
4736
474
4740
4741
4742
4743
4744
47473
4749
475
4750
4751
4752
4753
4754
4755
4756
4758
4759
476
4760
4763
4764
4765
4766
4769
4770
4771
4772
4776
4777
4778
4779
4780
4781
4782
4783
479
47bhp
48
480
480x854
481
4812
4813
4816
482
4821
4822
4823
4824
4827
4828
4829
483
4830
4831
4832
4833
484
485
4853
4854
4855
4856
4857
486
4860
4861
4862
4863
4864
4865
4866
4869
487
4870
4871
4872
4873
4874
4874597
4875
488
4884
48843
4885
4886
489
4893
4894
4895
4896
4897
4898
4899
48billion
48kg
49
490
4900
4901
4902
4903
4904
4905
4906
4907
4908
4909
491
4910
4911
4912
4913
4918
492
4927
4928
4929
493
4930
4931
494
495
496
4969
497
4970
4971
4973
4974
4975
4979
4980
4987
4988
4989
499
4990
4991
4992
4993
4995
4996
4999
49th
4a
4c
4chan
4cr
4g
4gb
4gbram
4ghz
4gpacks
4hd
4i
4k
4kmpl
4lcjxvhslq
4lmkmfelnb
4lrodeqbnw
4mm
4mp
4ppi
4q15
4s
4th
4x
4x100m
4x4
4x6
4x7
4x73
4x9
50
500
5000
5000mah
5001
5005
5007
5008
5009
500cc
500gb
500km
500mah
500rpm
501
5011
5012
5013
5016
5017
5018
5019
502
5020
5021
5024
5025
5026
5027
5029
503
5030
5031
5033
5034
5035
504
5046
5047
505
5052
5053
5057
5058
5059
506
5060
5061
5062
5066
5067
507
5072
5073
5074
5075
5078
508
5089
509
5090
5091
5092
5093
5094
5095
5096
50bps
50k
50m
50mb
50mbps
50s
50th
51
510
5105
5106
5107
5108
5109
511
5110
5111
5112
5113
5114
5115
5116
5119
512
5120
5122
5123
5124
5125
5126
5127
5128
5129
512gb
512mb
513
5130
5131
5134
5135
5137
5138
5139
514
5140
5141
5142
515
5154
5155
5156
5157
5159
516
5160
5161
5162
5163
5166
5167
5169
517
5170
5171
5173
5174
5175
5176
5177
5178
5179
518
5181
5182
5183
5185
5186
519
5191
5192
5193
5194
5195
5196
5198
51gb
51st
52
520
5200
5201
5202
5203
5204
5205
5206
5207
5208
521
5217
5218
5219
522
5220
5223
5224
5225
5226
5227
5228
5229
523
5230
5231
5232
5233
5234
5235
524
525
5251
5252
5253
5254
5256
5257
5258
5259
525mah
526
5260
5261
5262
5263
5264
5265
5266
5267
5268
5269
526g
5270
5272
5273
5274
5275
5277
5278
528
5287
5288
5289
529
5290
5291
5292
5294
5295
5296
53
530
5301
5302
5303
5304
5310
5312
5315
5316
5319
532
5320
5321
533
5335
5336
5337
5338
5339
534
5340
5341
5342
5343
5344
5345
5346
5347
5348
5349
535
5350
5351
5352
5354
5355
5358
5359
536
5360
5361
5362
5363
5364
5365
5366
5368
5369
536p
536x2
537
5370
5372
5373
5374
5375
5377
5378
5379
538
5384
5387
5388
5389
538ppi
539
5390
5391
5392
5393
5394
5396
5398
5399
53kg
54
540
5400
5402
540268
5403
5404
5405
5407
5408
5409
540p
540x960
542
5424
5425
543
5433
5434
5436
5437
5438
544
5441
5442
5447
5448
5449
545
5454
5455
5456
5459
546
5460
5461
5462
5463
5464
5466
5468
5469
547
548
549
5491
5492
5493
5494
5495
5496
5497
5498
5499
54gb
55
550
5500
5501
5502
5503
5504
5505
5506
5507
5508
5509
550f
550mah
551
5510
5511
5512
5513
5514
5515
5516
5517
5518
5519
552
5520
5521
5522
5523
5524
5525
5526
5527
5528
5529
553
5530
5531
5533
5534
5535
5536
5537
554
555
5551
5554
5557
5559
556
5560
5561
5562
5563
5564
5565
5566
557
5571
5572
5573
5574
5575
5576
5577
5578
5579
557ppi
558
5580
5581
5582
5583
5584
5585
5586
559
5591
5592
5596
5597
5598
5599
55mm
55th
56
560
5600
5602
5603
5604
5605
5606
5607
5608
5609
560ppi
560x1
560x940
5610
5611
5615
5616
5617
5618
562
5620
5621
5622
5625
5626
5627
5629
563
5630
5631
5632
5633
5639
564
5640
5641
5646
565
5650
5651
5652
5657
5658
5659
566
5660
5661
5662
5663
5664
5665
5666
5667
5668
5669
568
5682
5683
5684
5685
5686
5688
5689
569
5690
56th
57
570
5700
5702
5703
5704
5705
5706
5707
5708
5709
5710
5711
5712
5713
5714
5715
572
5722
5723
5724
5725
5726
5729
573
5730
5734
5735
5736
5737
5738
5739
574
5741
5742
5743
5744
575
5750
5755
5756
5757
5758
577
5777
5778
5779
578
5780
5781
5782
5783
579
5791
5792
5793
5794
5795
5796
5797
5798
57kg
57th
58
580
580g
5812
5813
5814
5816
5817
5818
5819
582
5820
5821
5822
5823
5824
5829
583
5830
5831
5832
5833
5834
5835
5836
5837
5838
5839
584
5841
5842
5843
585
5855
5856
5857
5858
5859
586
5860
5866
5867
5869
587
5870
5872
5874
5875
5877
5878
5879
588
5880
5881
5882
5883
5884
5885
5886
589
5893
5894
5895
5896
5897
5898
5899
58kg
59
590
5900
5901
5902
5903
5904
5905
5906
5908
5909
591
5910
5911
5912
5915
5916
5917
5918
5919
592
5920
5921
5922
5923
5924
5925
5926
5927
5928
5929
593
5930
5931
5932
5933
5934
5935
5936
5937
5938
5939
594
5940
5941
5942
5943
5944
5945
5946
5947
5948
5949
595
5950
5951
5952
5953
5954
5955
5956
5957
5958
5959
5960
5961
5962
5963
5964
5965
5966
5967
5968
5969
597
5970
5971
5972
5973
5974
5975
5976
5977
5978
5979
598
5980
5981
5982
5983
5984
5985
5986
5987
5988
5989
599
5990
5991
5992
5993
5994
5995
5996
5997
5998
5999
5bn
5c
5d
5g
5gb
5ghz
5km
5m
5mb
5mm
5mp
5nm
5p
5percent
5pm
5ppi
5s
5se
5th
5v
5x
5x143
5x7
5x75
60
600
6000
600028
6001
6002
6003
6004
6005
6006
6007
6008
6009
600f
600mah
600x2
601
6010
6011
6012
6013
6014
6015
6016
6017
6018
6019
602
6020
6021
6022
6023
6024
6025
6026
6027
6028
6029
603
6030
6031
6032
6033
6034
6035
6036
6037
6038
6039
604
6040
6041
6042
6043
6044
6045
6046
6047
6048
6049
605
6050
6051
6052
6053
6054
6055
6056
605670
6057
6058
6059
606
6060
6061
6062
6063
6064
6065
6066
6067
6068
6069
6070
6071
6072
6073
6074
6075
6076
6077
6078
6079
608
6080
6081
6082
6083
6084
6085
6086
6088
6089
609
6090
6091
6092
6093
6094
6095
6096
6097
6098
6099
60fps
60th
61
610
6100
6102
6103
6104
6105
6106
6108
6109
611
6110
6111
6112
6113
6114
6115
612
6126
6127
6128
6129
613
6130
6131
6132
6133
6134
6136
6137
6138
614
6145
6146
6147
6148
6149
615
615289
616
617
617615
6178
6179
618
6180
6181
6182
6183
618396
6184
6185
6186
6187
6188
6189
619
6190
61mb
61th
61whr
62
620
6207
6208
6209
621
6210
6211
6213
6214
6215
6216
6217
6218
622
6226
6227
6228
6229
6230
6231
6234
6235
6236
6237
6238
6239
624
6241
6242
6243
6244
6245
6247
6248
6249
625
6250
6251
6252
6253
6254
6256
6257
6258
6259
626
6260
6261
6262
6263
6264
6265
6266
6267
627
6272
6273
6274
6278
6279
628
6280
6281
6286
6287
6288
6289
629
6290
6293
6294
6295
62kmpl
63
630
6305
631
6315
6316
6317
6318
6319
632
6321
6322
6324
6326
6327
6328
6329
633
633243
6334
6335
6336
6337
6338
6339
634
6341
6342
6345
6346
6347
6348
634808
634872
6349
635
6350
6352
6353
636
6362
6363
6364
6365
6366
6367
637
637034
6375
6377
6379
638
6380
6381
6382
6383
6384
6393
6394
6395
6396
6397
6398
63m
63rd
64
640
640ppi
641
6411
6412
6413
6414
6415
6416
6417
6418
642
6420
6421
6422
642257
6423
6424
6425
6426
6428
6429
643
6430
6431
6432
6433
6436
6437
6438
6439
644
6441
644114
6442
6443
6444
645
6455
6456
6457
6458
6459
646
6460
6461
6462
6463
6464
6465
6466
6467
6468
647
6470
6471
6472
6473
6474
6475
6476
6477
6478
6479
648
6480
6481
6482
6483
6484
6485
6487
6489
649
6490
649032
6492
6493
6494
649430
6495
6496
6497
649767
6499
64bit
64gb
64kg
64th
65
650
6500
6501
6502
6503
6504
6505
6506
6507
6508
6509
650mah
651
6510
6511
6512
6513
6514
6515
6516
6517
6518
6519
652
6520
6521
6522
6523
652388
6524
6525
6526
6527
6528
653
6530
6531
654
654368
654629
654734
6548
654813
6549
655
6550
6551
6552
6557
6559
656
6561
6562
656267
6563
656303
6565
6566
656650
6567
6568
6569
657
6570
6571
6572
6573
6574
6575
657582
6576
6577
6578
6579
658
6580
658155
6582
6582m
6583
6584
6585
6586
6587
6588
6589
659
6590
6591
6592
6593
6596
659875
65ft
65kg
65mm
65th
65x7
66
660
6602
6603
6604
660567
661
6615
6616
6617
6619
662
6620
6621
6622
6623
6624
6625
6626
6627
6628
6629
663
6630
6631
6632
6633
6634
6635
6636
6638
6639
664
6640
6641
6642
6643
664572
664975
665
6650
6651
6652
6653
6654
6655
665536
6656
665689
6657
665781
666
666959
667
6670
6671
6672
6673
667711
668
668554
66a
66kg
66th
67
670
670287
6703
670568
6706
6707
670766
671
671095
6717
6718
6719
672
6720
6721
6722
6727
6728
6729
673
6730
6731
6732
6733
6734
6735
6736
6737
673727
6738
6739
674
6740
6741
674117
6742
6744
6745
6746
6747
6748
674811
6749
675
6750
6751
6752
6753
6754
6755
675655
6757
6758
6759
676
6760
6761
6762
6763
6764
6765
676548
676688
6767
6768
6769
677
6774
6775
6776
6777
6778
6779
6781
6782
6783
678342
6784
6785
6786
6787
678746
6788
6789
678951
6790
679075
6791
679166
6792
6793
6794
6795
6796
6798
6799
67a
67th
68
680
6800
6801
6802
6803
6804
680422
6805
6806
6807
6808
6809
680mah
681
6810
681021
681091
6811
6812
6813
6814
6815
6816
6818
6819
682
6820
6821
6822
6823
6824
6825
6826
682608
6827
6828
6829
682939
683
6831
6832
683249
6833
683375
6834
6835
6836
683657
6837
6838
6839
684
6840
6841
6842
684234
6843
6844
6846
6847
6848
6849
685
6850
6851
6852
6853
685344
686
687
687149
687310
687366
6876
687721
6878
6879
687929
688
6880
6881
6882
6883
6884
6885
6886
6887
6888
689
6890
6891
6892
69
690
6900
6908
6909
691
6910
6911
6912
6913
6915
6916
6917
6918
6919
692
6920
6923
6924
6925
6926
694
6949
695
6950
6951
6952
6953
6954
6955
696
6966
6967
697
698
6989
698kn
699
6990
6991
6992
69bhp
69kg
69th
6f5218eaf091b4e17c833c45999ff5b1
6g
6gb
6ghz
6mm
6mp
6p
6ps
6s
6th
6x
6x146
6x16
6x7
70
700
7000
7001
7002
7003
7004
7005
7006
7007
7009
700mah
700mhz
701
7010
7011
7012
7013
7014
7015
7017
7018
7019
702
7025
7026
7027
7028
7029
703
7030
7031
7032
7033
7034
7035
7036
7037
7038
704
7040
7041
7042
7043
7044
7045
7046
7047
7048
7049
705
706
7068
7069
7070
7071
7072
7074
7075
7076
7077
708
7081
7082
7083
7087
7088
7089
709
7090
7091
7092
7093
7094
7095
7096
7097
7098
7099
70kg
70mm
70s
70th
71
710
7100
7101
7102
7103
7104
7105
7106
7107
7108
711
7110
7111
7112
7115
7116
7117
7118
712
713
7132
7133
7134
714
7145
7146
7147
7148
7149
715
7152
716
717
7180
719
71st
72
720
7208
7209
720mhz
720p
720x1
720x1280
721
7210
7219
722
7220
7221
7222
7223
7224
7225
723
724
7246
7247
7248
725
7250
7251
7252
7253
726
7268
727
7271
7279
728
7283
7284
7286
7287
7288
7289
729
7290
7291
7292
7293
7299
73
730
7300
7305
7306
7307
7308
7309
731
7310
7311
7312
7313
7314
7317
7319
732
7320
7321
7324
7326
7327
7328
7329
733
7330
7331
7334
7335
7336
7337
7341
7342
7343
7344
7346
7348
7349
735
7350
7352
7353
7354
7355
7356
7357
7358
7359
736
7360
7363
7365
7366
7367
7368
7369
737
7371
7372
7373
7375
7376
7377
737s
738
7381
7382
7383
7384
7386
7387
7388
7389
739
7390
7391
7392
7397
7398
7399
73bhp
73m
73tjslyb
74
740
7400
741
7413
7414
7415
7416
7417
7418
742
7420
7421
7422
7423
7424
7425
7426
7427
7428
7429
7430
7431
7433
7434
7435
7436
7437
7438
7439
744
7441
7442
7443
7444
7445
7446
7449
745
7450
7451
7452
7454
7455
7456
7457
7458
7460
7461
7462
7463
7465
7466
7467
7468
7469
7470
7471
7474
7475
7477
7478
7479
748
7480
7481
7482
7483
7484
7485
7486
7487
7488
7489
749
7490
7491
7492
7493
7494
7495
7496
7497
7498
7499
74bhp
74kg
75
750
7500
7501
7507
7508
7509
750kg
750mah
750rpm
7510
7511
7512
7514
7515
7516
7517
7518
7519
752
7520
7525
7526
7527
7529
753
7530
7531
7532
7533
7534
7535
7536
7537
7538
7539
754
7541
7542
7543
7544
7545
7547
7548
7549
755
7552
7553
7554
7558
756
7562
7564
7565
7566
757
7570
7573
7574
7575
758
7580
7581
7582
7583
7584
7585
7589
759
7590
7591
7592
7593
7594
7595
7596
7599
75bhp
75bps
75i
75kg
75m
75th
76
760
7600
7602
7603
7604
7605
7606
7607
7608
761
7614
7615
7616
7618
7619
762
7621
7622
7623
7624
7625
7626
7627
7628
7630
7633
7634
7635
7636
7637
7638
7639
764
7640
7641
7643
7644
7645
7646
7647
7648
7649
765
7650
7659
766
7665
7666
7669
767
7670
7672
7674
7677
7678
7679
7680
7681
7684
7685
7687
7689
768x1
768x1280
7690
7691
7692
7693
7694
7695
7696
7697
7698
7699
76th
77
7700
7702
7703
7704
7705
7706
7707
7708
770mah
771
7711
7712
7713
7714
7715
7716
7717
7718
7719
772
7720
7721
7722
773
7738
7739
774
7740
7741
7742
7743
7744
7745
7746
7747
7749
775
7750
7751
7752
7754
7755
7756
7757
7758
776
7767
7769
777
7770
7771
7772
7773
778
779
7791
7792
7793
7794
7795
7796
7797
7798
78
780
7800
781
782
7829
783
7830
7831
7832
7833
7835
7836
7839
784
7840
7841
7843
7844
7845
7846
7847
7848
7849
785
7853
7854
7855
7856
7857
7858
7859
786
7864
7865
7866
7867
7868
787
7873
7874
7875
7876
7877
789
7890
7891
7892
7895
7897
7898
78m
78th
79
790
7901
7902
7903
7904
7905
7906
7907
7908
791
7910
7911
7912
7913
7914
7918
7919
792
7922
7923
7924
7925
7926
7927
7928
7929
793
7930
7931
7932
7933
7936
7937
7938
7939
793cc
794
7940
7944
7947
7948
7949
795
7950
7952
7953
7954
7955
7956
7957
7958
7959
795mb
796
7960
7961
7962
7963
7964
7966
7967
7968
7969
797
7971
7972
7975
7976
7977
7978
7979
798
7983
7984
7985
7986
7988
7989
799
7992
7993
7994
7995
7996
7999
79mm
79th
7aum
7d
7g
7ghz
7i
7m
7mp
7pm
7ppi
7th
7x7
7x74
7x75
80
800
8000
8008
8009
800m
800mah
800s
800x1
800x1200
801
8010
8011
8012
8013
8014
8015
8016
802
8020
8021
8022
8024
8025
8026
8027
8028
8029
803
8030
8031
8032
8036
8037
8038
8039
804
8040
8041
8042
8043
8044
8045
8047
805
8054
8055
8056
8056220066
8057
8058
8059
806
8063
8064
8065
8066
8067
807
8076
8078
808
8080
8081
809
80bps
80s
80th
81
810
8103
811
8110
8111
8112
8113
8114
8115
812
8128
8129
813
8130
8131
8132
8133
8135
8136
8137
8139
814
8140
8141
8142
8147
8148
8149
815
8150
8151
8152
8158
8159
816
8160
8161
8162
8163
8164
8165
8168
817
8170
8171
8172
818
8183
8184
8185
8188
8189
819
8190
8191
8192
8195
8198
8199
81ghz
81st
82
820
8200
8201
8203
8204
8205
8206
8207
8208
820q
820s
821
8210
8212
8213
8214
8218
8219
822
8220
8221
8222
8223
8224
8225
8226
8227
8228
8229
823
8231
8232
8233
8235
8236
8237
8238
8239
824
8242
8243
8244
8245
8246
8247
8248
825
8251
8252
8253
8254
8255
8256
8257
8259
825k
826
8260
8261
8262
8263
8264
8265
8266
8267
827
8273
8274
8275
8276
8277
828
8282
8283
8284
8285
8286
8288
8289
8291
8293
8294
8295
8296
8297
8298
8299
83
830
8300
8301
8302
8303
8304
8305
8306
8307
8308
8309
831
8310
8311
8312
8313
8314
8315
8316
8317
8318
8319
832
8320
8321
8322
8323
8324
8325
8326
8327
8328
8329
833
8330
8331
8333
8335
8336
8337
8338
8339
834
8340
8341
8342
8343
8344
8347
8348
8349
835
8358
8359
836
8360
8362
8363
8364
8365
8367
8368
837
838
8382
8383
8384
8388
8389
839
8390
8392
8393
8394
8395
8396
8398
8399
83bhp
83ghz
84
840
8400
8402
8403
8404
841
8418
842
8422
8423
8424
8428
8429
843
8430
844
8446
8447
8448
845
846
847
848
8483
849
8492
8493
8493926889
8494
8495
8496
8499
84bhp
85
850
8500
8501
8502
8505
8506
8508
8509
850mah
851
8510
8511
8517
8518
8519
852
8520
8521
8522
853
8530
8530mah
8531
8532
8533
854
8541
8542
8543
8547
8548
8549
854x480p
855
8550
8551
8552
8553
8556
8557
8558
8559
856
8560
8561
8562
8563
8566
8567
8568
857
8572
8573
8574
8584
8585
8586
859
8594
8595
8596
8597
8598
8599
85kg
85mm
86
860
8600
8601
8602
8604
8605
8606
861
8619
861g
862
8620
8621
8622
8624
8625
8626
8627
8628
8629
863
8630
8631
8632
8637
8638
8639
864
8640
8647
8648
8649
865
8650
8651
8652
866
8662
8663
8664
867
8671
8672
8673
8674
8675
8679
868
8680
8681
8682
8683
8684
8685
8686
8687
8689
869
8691
8692
8693
8694
8696
8697
8699
86m
86th
87
870
8700
8701
8702
8707
8708
8711
8712
8713
8714
8715
8715038918
872
8722
8726
8727
8728
8729
872mb
873
8730
8731
8732
8733
8734
8738
8739
874
8740
8741
8742
8744
8748
8749
875
8751
8752
8753
8754
8755
8756
8757
8758
8759
876
8760
8761
8762
8763
8764
8765
8766
8767
8768
8769
877
8770
8771
8772
8773
8774
8775
8776
8778
8779
877em
878
879
8790
8791
8792
8793
8794
8795
8796
8797
8798
8799
87a
87th
87x8
88
880
8800
8801
8802
8806
8807
881
882
8826
8827
8829
883
8830
8837
8838
884
8841
8842
8843
8844
885
8850
8851
8852
8853
8854
886
8864
8865
8866
8869
887
8871
8872
8873
8877
8878
888
889
8890
8893
88th
89
890
891
8914
8916
8917
892
8922
8923
8925
8926
8927
8928
8929
893
8930
8931
8932
8934
8935
8937
8938
8939
894
8940
8941
8942
8943
8945
8946
8947
8948
895
8953
8954
8956
8957
8958
8959
8960
8961
8962
8963
8964
8966
8967
8968
8969
8976
8977
8984
8985
8986
8987
899
8996
8997
89bhp
89s
8g
8gb
8ghz
8h
8kg
8mm
8mp
8pm
8th
8uhmhtwpptg
8x12
8x72
8x78mm
90
900
9002
9003
9004
9005
9006
9007
900mah
901
9011
9013
9015
9016
9017
9018
9019
902
9020
9021
9022
9027
9028
9029
9033
9034
9035
904
9041
9042
9043
9047
9048
905
9055
9056
9057
9058
9059
906
9066
9067
907
908
9080
9081
9082
9083
9084
9085
9086
9087
9088
90bhp
90mb
91
910
9100
9101
9107
9108
9109
911
9110
9111
9112
9113
9114
9115
9116
9117
9118
9119
912
9120
9124
9125
9126
9127
913
9130
9131
9132
9136
9137
9139
914
9140
9141
9142
9143
9144
915
9150
9151
916
9160
9161
9162
917
9171
9172
9173
9174
9175
9176
9177
9178
9179
918
9180
9181
9182
9184
9185
9188
9189
919
9190
9192
9193
9194
9195
9197
9198
9199
91st
92
920
9200
9201
9202
9203
9204
9205
920x1
920x720p
921
9210
9211
9213
9214
9215
9216
9217
922
9220
9221
9222
9223
9226
9229
923
9230
9231
9232
9233
9237
9238
9239
924
9240
9241
9243
9248
9249
925
9250
9251
9252
9253
9254
9255
9256
9257
9259
926
9260
9261
9262
9263
9264
9265
9268
9269
927
9270
9271
9272
9273
928
929
9290
9291
9292
9293
9294
9295
9296
9297
9298
9299
93
930
9300
9301
9302
9303
9305
9307
9308
931
9310
9311
9312
9313
9314
9315
9316
932
933
934
9341
9342
9343
9344
935
9350
9351
9352
9356
9357
9358
9359
936
9364
9365
9366
9367
9368
937
9370
9371
9372
9373
938
9384
9385
9387
9388
939
9390
9392
9393
9394
9395
9396
9398
9399
94
940
9400
9401
9402
9410
941902894
9424
9425
9426
9427
943
9430
9431
9432
9433
9439
944
9440
9442
9443
9444
9445
9446
9447
945
9454
9455
9456
9457
9458
9459
946
9460
9461
9462
9463
947
9476
9477
948
9480
9480805120
9481
9482
9483
9484
9486
9487
9488
9489
949
9490
9497
9498
9499
94mm
95
950
9500
9501
9502
9503
9506
9508
9509
951
9510
9511
952
9528
9529
953
954
955
9557
9558
9559
956
9560
9561
9562
9563
9564
9565
957
958
959
9591
9598
95ghz
95mm
96
960
9603
9604
9605
9608
960m
960x540
960x540p
961
9613
9614
9615
9616
9617
9618
9619
962
9620
9621
9622
9622585341
9623
9626
9627
9628
9629
963
9631
9636
964
965
9655
9657
9658
9659
966
9660
9661
9662
9663
9665
9666
967
9670
9671
9673
9674
9675
9677
968
9680
9681
9682
9683
9684
9685
9686
9687
9688
969
9691
9692
9693
9694
9695
9696
9698
969x540
97
970
9700
9701
9702
9703
9705
9706
9707
9708
9709
971
9715
972
9724
9726
973
9731
9732
9733
9734
9735
9736
9738
9739
974
9740
9741
9742
9743
9744
9746
9748
975
9750
9751
9752
9753
976
9762
9763
9764
9765
9767
9769
977
9774
9775
9776
9777
9778
9779
978
9781
9784
9785
9786
9787
979
9790
9791
9792
9795
9797
9799
97kg
98
980
9800
9802
9803
9804
9805
9806
9807
980g
980mah
981
9810
9811
9812
9813
9814
9815
9826
9827
9829
983
9830
9831
9832
9833
9834
9835
9836
9837
984
9853
9856
9857
9858
9859
986
9861
9862
9863
9864
9865
9866
987
9872
9873
9877
9878
9879
988
9880
9881
989
9890
9891
9892
9893
9894
9897
98kg
99
990
991
9912
9913
9914
9915
9917
9918
9919
992
9923
9924
9925
9926
9927
9928
9929
993
9931
9934
994
9940
9941
9942
9943
995
9954
9955
9956
996
9960
9961
9962
9962400760
9963
9964
9965
9966
9967
997
9974
9975
9976
9978
9979
998
9980
9981
9982
9983
9987
9988
9989
999
9990
9995
9996
9997
9998
9999991406
9bn
9gb
9inches
9m
9mb
9mm
9th
00
000
000cc
000m
000mah
000rpm
000th
0
01932222170
01933241205
01933241530
0194
01992243294
0308
0330
04x140
056325
080x1920
0845
0935
09419166790
09467800234
1
1000
10013
10014
10015
10016
10017
10018
10019
10020
10021
10022
10023
10024
10031
10032
10033
10034
10035
10036
10037
10038
10039
10040
10041
10042
10043
10044
10045
10062
10064
10065
10066
10067
10068
10069
10070
10071
10072
10073
10074
10075
10077
10078
10079
1008
10080
10089
1009
10090
10091
10092
10094
10095
10096
10097
10098
10099
10110
10114
10115
10116
10117
10118
10119
10123
10124
10127
10128
10129
10130
10132
10133
10135
10136
10137
10138
10139
10140
10141
10143
10144
10145
10146
10147
10148
10149
10150
10151
10152
10156
10157
10158
1016
10161
10162
10163
10164
10167
10168
10169
1017
10170
10171
1018
10188
1019
10191
10192
10198
1020
10200
10201
10202
10203
10204
10207
10208
10209
1021
10210
10211
10212
10213
10215
1022
10220
10223
10224
10225
10226
10227
10231
10232
10233
10234
10235
10236
10237
10238
10239
1024
10240
10241
10242
10244
10245
1024x600
1025
1026
10262
10263
10264
10265
10266
10269
1027
1028
10281
10282
10284
10285
10286
10287
1029
10290
10291
10292
10293
1030
1031
10313
10314
10315
10316
10317
10318
10319
10320
10321
10322
10323
10324
10325
10328
10329
1033
10333
10334
10335
10336
1034
10348
1036
10365
10368
10369
1037
10370
10371
10372
10376
10377
1038
10386
1039
10399
10400
10401
10403
10404
10405
10406
10409
1041
10412
10413
10414
10415
10418
1042
10421
10422
10423
10424
10426
10428
10429
1043
10430
10431
10432
10433
10434
10435
1044
1045
10454
10455
10456
10457
10458
10459
1046
10460
10463
10464
10465
10466
10467
10468
10469
1047
10471
10474
10476
10477
10478
10479
1048
10480
10481
10482
10483
10484
10486
10487
1049
10491
10492
10493
10499
1050
10500
10501
10502
10503
10504
10505
10506
10507
1051
10525
10526
10527
10528
10529
10530
10532
10534
10536
1054
10543
10544
10546
10547
10548
10549
10551
10552
10553
10554
10555
10556
10557
10558
10560
10561
10563
10566
10567
10568
10569
1057
10571
10572
10573
10574
10576
10577
10579
1058
10580
10581
10582
10583
10584
10585
10586
1060
10603
10604
10608
10609
1061
10610
10616
10619
1062
10620
10622
10623
10624
10625
10626
10627
10628
10629
1063
10630
10631
10632
10634
10636
10637
10640
10641
10642
10643
10645
10646
1065
10651
10653
10655
10656
10657
10658
10659
1066
10660
10662
10664
10667
1067
10677
10679
1068
10680
10681
10682
10686
1069
10690
10691
10692
10693
10694
10695
10696
10697
10698
10699
1070
10700
10701
10702
10704
10705
10706
10707
10708
1071
10710
10711
10712
10713
10715
10717
10718
10719
1072
10720
10721
10723
10724
10725
1073
10734
1074
10740
10741
10743
10745
1075
10755
10756
10757
10758
10759
10760
10761
10762
10763
10764
10766
10767
10768
10769
1077
10770
10771
10772
10773
10774
10776
10777
10778
10779
1078
10780
10781
10782
10783
10784
10785
10786
10787
10788
10789
1079
10790
10791
10792
1080
1080x1920
10826
10828
1083
10831
10832
10833
10834
10835
10839
1084
10840
10841
10842
10843
10844
10845
10846
10848
10849
10851
10852
10853
10854
10855
10856
10857
10858
10859
1086
10861
10863
10864
10865
10866
10867
10868
10869
1087
10870
10872
1088
10880
10881
10882
10883
10886
10887
10888
10889
10892
10893
10894
10897
10898
10899
10900
10901
10905
10907
10908
10909
1091
10910
10911
10912
10913
10915
1092
10921
10929
1093
10930
10931
10933
10934
10935
10936
10938
10939
1094
10940
10941
10942
10943
10945
10946
10947
10948
10949
1095
10951
10952
10953
10954
10955
10956
10957
10958
10959
1096
10960
10961
10964
10965
10966
10967
10968
10969
1097
10972
10973
10974
10975
10977
10979
1098
10980
10981
10982
10983
1099
1100
11002
1101
11010
1102
11020
11021
11022
11023
11024
11025
11026
11028
11029
1103
11030
11031
11032
11033
11034
11035
11038
1104
11042
11043
11044
11045
11046
11047
11048
11049
1105
11050
11058
11059
1106
11060
11061
11064
11067
11068
11069
1107
11071
11072
11075
11076
11078
11080
11081
11082
11086
11087
11089
11090
11091
11092
11093
11095
11096
11097
11098
1110
11100
11101
11102
11103
11104
11105
11106
11107
11108
1111
11110
11111
11112
11113
1112
11120
11127
11128
11129
1113
11134
11135
11137
11138
11139
11141
11142
11143
11144
11150
11151
1116
11169
1117
11172
1118
11182
11183
11184
11185
11186
11187
11188
11189
11191
11193
11196
11197
11198
11199
11200
11201
11202
11203
11204
11205
11206
11207
11208
11209
11210
11211
11213
11214
11215
11216
11221
11222
11223
11224
11225
11238
11239
11242
11243
11244
11245
11246
11249
11250
11253
11254
11255
11256
11262
11265
11266
11267
11268
11269
11270
11271
11273
11274
11277
1128
11282
11283
11284
11285
11302
11303
11304
11305
1131
11310
11311
11312
11313
11314
11324
11325
11326
11327
11332
11333
11334
11335
11336
11337
11339
11340
11341
11343
11344
11345
11346
11348
11349
11350
11351
11352
11353
11354
11355
11356
11359
11360
11361
11365
11366
11367
11368
11369
11374
11375
11376
11377
11378
11379
11386
11387
11388
11394
11395
11396
11397
11398
11399
1140
1141
11424
11425
11426
11427
1143
11430
11433
11434
11435
11438
11439
1144
11440
11441
11442
11443
11445
11446
11447
11448
11449
1145
11454
11455
11456
11457
11458
11459
1146
11460
11461
11462
11463
11464
1147
11472
1148
11482
11483
11484
11485
11486
11487
11488
11489
1149
11492
11493
11494
1150
11503
11508
11509
11510
11511
11512
11513
1153
11539
1154
11540
11541
11542
11543
11544
11545
11546
1155
11551
11552
11553
11554
11555
11556
11557
1156
11564
11569
11570
11571
11572
11573
11574
11575
11576
11577
11578
11579
11580
11581
11582
11583
11584
11585
11586
11587
11588
11589
11590
11591
11592
11593
11594
11595
11596
11597
11598
11599
1160
11607
11608
1162
11621
11622
11625
11626
11627
11628
11629
1163
11630
11631
11632
11633
11634
11635
11637
11638
11639
1164
11640
11641
11642
11643
11644
11645
11656
11657
11666
1167
1168
11685
11686
11687
11688
11689
1169
11690
11691
11692
11693
11694
11695
11699
11700
11701
11702
11703
11704
1171
11713
11714
11715
11723
11727
11728
11729
11730
11731
11735
11736
11741
11742
11743
a
about
according
across
actually
adj
after
afterwards
against
all
almost
alone
along
already
also
although
always
among
amongst
an
and
another
any
anyhow
anyone
anything
anywhere
are
aren't
around
as
at
b
be
became
because
become
becomes
becoming
been
before
beforehand
begin
beginning
behind
being
beside
besides
between
beyond
billion
but
by
c
can
can't
cannot
caption
co
co.
could
couldn't
d
did
didn't
do
does
doesn't
don't
down
during
e
each
eg
eight
eighty
either
else
elsewhere
etc
even
ever
every
everyone
everything
everywhere
f
fifty
first
five
for
former
formerly
forty
found
four
from
further
g
h
had
has
hasn't
have
haven't
he
he'd
he'll
he's
hence
her
here
here's
hereafter
hereby
herein
hereupon
hers
herself
him
himself
his
how
however
hundred
i
i'd
i'll
i'm
i've
ie
if
in
inc.
indeed
instead
into
is
isn't
it
it's
its
itself
j
k
l
let
let's
like
likely
ltd
m
made
make
makes
many
maybe
me
meantime
meanwhile
might
million
miss
moreover
mr
mrs
much
must
my
myself
n
namely
nevertheless
next
nine
ninety
nobody
none
nonetheless
noone
nor
nothing
now
nowhere
o
of
off
often
on
once
one
one's
only
onto
or
other
others
otherwise
our
ours
ourselves
out
over
overall
own
p
per
perhaps
q
r
rather
recent
recently
s
same
seem
seemed
seeming
seems
seven
seventy
several
she
she'd
she'll
she's
should
shouldn't
since
six
sixty
so
some
somehow
someone
something
sometime
sometimes
somewhere
still
stop
such
t
taking
ten
than
that
that'll
that's
that've
the
their
them
themselves
then
thence
there
there'd
there'll
there're
there's
there've
thereafter
thereby
therefore
therein
thereupon
these
they
they'd
they'll
they're
they've
thirty
this
those
though
thousand
three
through
throughout
thru
thus
to
together
too
toward
towards
trillion
twenty
two
u
until
up
upon
us
used
using
v
very
via
w
was
wasn't
we
we'd
we'll
we're
we've
well
were
weren't
what
what'll
what's
what've
whatever
when
whence
whenever
where
where's
whereafter
whereas
whereby
wherein
whereupon
wherever
whether
which
while
whither
who
who'd
who'll
who's
whoever
whole
whom
whomever
whose
why
will
won't
would
wouldn't
x
y
yes
yet
you
you'd
you'll
you're
you've
your
yours
yourself
yourselves
z
